0.000000 45.000000 0.000000 0.000000 0.870000 0.038811 2.156761
32.422000 45.000000 0.000000 0.000000 0.870000 0.038811 3.256695
5.418000 45.000000 0.000000 0.000000 0.870000 0.038811 3.256695
54.008000 45.000000 0.000000 37.012777 0.870000 0.038811 3.256695
162.110000 45.000000 0.000000 37.012777 0.870000 0.038811 2.156761
5.418000 45.000000 0.000000 37.012777 0.870000 0.038811 2.156761
32.422000 45.000000 0.000000 37.012777 0.870000 0.662999 2.156761
10.793000 45.000000 44.415333 37.012777 0.870000 0.662999 2.156761
54.051000 5.000000 44.415333 37.012777 0.870000 0.662999 2.156761
108.059000 5.000000 44.415333 37.012777 0.870000 0.572226 2.156761
54.008000 5.000000 37.012777 37.012777 0.870000 0.572226 2.156761
