0.000000 45.000000 0.000000 45.000000 700.000000 0.038811 2.156761
32.422000 45.000000 0.000000 45.000000 700.000000 0.038811 3.256695
5.418000 45.000000 0.000000 45.000000 700.000000 0.038811 3.256695
54.008000 45.000000 0.000000 9.728171 700.000000 0.038811 3.256695
162.110000 45.000000 0.000000 9.728171 700.000000 0.038811 2.156761
5.418000 45.000000 0.000000 9.728171 700.000000 0.038811 2.156761
32.422000 45.000000 0.000000 9.728171 700.000000 0.558768 2.156761
10.793000 45.000000 2.876034 9.728171 700.000000 0.558768 2.156761
54.051000 5.000000 2.876034 9.728171 700.000000 0.558768 2.156761
108.059000 5.000000 2.876034 9.728171 700.000000 0.467995 2.156761
54.008000 5.000000 2.830781 9.728171 700.000000 0.467995 2.156761
