0.000000 45.000000 0.000000 0.000000 700.000000 0.038811 2.431744
75.981000 45.000000 0.000000 0.000000 700.000000 0.038811 3.163200
53.019000 45.000000 0.000000 0.000000 700.000000 0.038811 3.141202
22.919000 45.000000 0.000000 6.662300 700.000000 0.038811 3.132952
75.981000 45.000000 0.000000 28.869966 700.000000 0.621275 2.156761
1.419000 45.000000 0.000000 29.240094 700.000000 0.621275 2.156761
28.681000 5.000000 0.000000 29.240094 700.000000 0.621275 2.156761
57.319000 5.000000 38.863416 29.980350 700.000000 0.483200 2.156761
14.362000 5.000000 40.343927 29.980350 700.000000 0.480476 2.156761
43.000000 5.000000 44.415333 32.941372 700.000000 0.472534 2.156761
57.319000 5.000000 37.012777 37.012777 700.000000 0.467995 2.156761
