Experiment Log
Z:\Data\2024\03Mar24\00\2_SaR_adiabatic_check_step\

4/17/2024 0:00:00 PM

Experiment Program Used:
Z:\fqh_adiabatic_ramp_v6.vb

Batch Length:  
11

==========================
lattice1_max  ,  lattice2_max  ,  pinning_hold_time ,  red_freq ,  round_dimple_voltage ,  anticonfine_dur_vert ,  anticonfine_dur_horz ,  quic_ramp_dur ,  quic_grad_init ,  quic_grad_final ,  quic_mirror_grad ,  quad_turnonoff_dur ,  quad_ramp_dur ,  quad_grad_init ,  quad_grad_final ,  lattice2_ramp_dur ,  lattice2_low_depth ,  lattice1_ramp_dur ,  lattice1_low_depth ,  walls2_volt ,  walls1_volt ,  use_quad_grav_offset ,  use_quic_grav_offset ,  use_gauge ,  gauge_power ,  gauge_turnonoff_dur ,  gauge_freq_khz ,  flux ,  evolution_dur ,  is_return ,  is_cleanup ,  is_counting ,  free_var ,  
--------------------------
45,  45,  1000,  18,  4.02,  40,  40,  200,  2.2,  0.65,  0,  0,  0,  0,  0,  50,  8,  0,  45,  2.4,  3.1,  1,  0,  0,  2.88,  10,  0.69,  0.27,  0,  0,  0,  1,  0,
45,  45,  1000,  18,  4.02,  40,  40,  200,  2.2,  0.65,  0.6,  30,  100,  0.6,  0.4,  50,  8,  50,  5,  2.4,  3.1,  1,  0,  1,  2.88,  50,  0.69,  0.27,  0,  1,  0,  1,  0,  
45,  45,  1000,  18,  4.02,  40,  40,  200,  2.2,  0.65,  0,  30,  0,  0.6,  0.6,  50,  8,  0,  45,  2.4,  3.1,  1,  0,  1,  2.88,  10,  0.69,  0.27,  0,  0,  0,  0,  0,  
45,  45,  1000,  18,  4.02,  40,  40,  200,  2.2,  0.65,  0,  30,  0,  0.6,  0.6,  50,  8,  50,  5,  2.4,  3.1,  1,  0,  1,  2.88,  10,  0.69,  0.27,  0,  0,  0,  0,  0,
45,  45,  1000,  18,  4.02,  40,  40,  200,  2.2,  0.65,  0,  30,  100,  0.6,  0.51,  50,  8,  50,  5,  2.4,  3.1,  1,  0,  1,  2.88,  10,  0.69,  0.27,  0,  0,  0,  0,  0,
45,  45,  1000,  18,  4.02,  40,  40,  200,  2.2,  0.65,  0,  0,  0,  0,  0,  50,  8,  0,  45,  2.4,  3.1,  1,  0,  0,  2.88,  10,  0.69,  0.27,  0,  1,  0,  1,  0,
45,  45,  1000,  18,  4.02,  40,  40,  200,  2.2,  0.65,  0,  30,  0,  0.6,  0.6,  50,  8,  0,  45,  2.4,  3.1,  1,  0,  0,  2.88,  10,  0.69,  0.27,  0,  1,  0,  1,  0,  
45,  45,  1000,  18,  4.02,  40,  40,  200,  2.2,  0.65,  0,  30,  0,  0.6,  0.6,  50,  8,  0,  45,  2.4,  3.1,  1,  0,  1,  2.88,  10,  0.69,  0.27,  0,  1,  0,  1,  0,  
45,  45,  1000,  18,  4.02,  40,  40,  200,  2.2,  0.65,  0,  30,  0,  0.6,  0.6,  50,  8,  50,  5,  2.4,  3.1,  1,  0,  1,  2.88,  10,  0.69,  0.27,  0,  1,  0,  1,  0,
45,  45,  1000,  18,  4.02,  40,  40,  200,  2.2,  0.65,  0,  30,  100,  0.6,  0.51,  50,  8,  50,  5,  2.4,  3.1,  1,  0,  1,  2.88,  10,  0.69,  0.27,  0,  1,  0,  1,  0,
45,  45,  1000,  18,  4.03,  40,  40,  75,  1.7,  0.5,  0.35,  100,  300,  0.695,  0.555,  50,  8.5,  80,  5,  2.9,  3.1,  1,  0,  1,  2.85,  50,  0.83,  0.2,  0,  1,  0,  1,  0, 

