0.000000 45.000000 0.000000 0.000000 0.870000 0.038811 2.431744
75.981000 45.000000 0.000000 0.000000 0.870000 0.038811 3.163200
53.019000 45.000000 0.000000 0.000000 0.870000 0.038811 3.141202
22.919000 45.000000 0.000000 6.662300 0.870000 0.038811 3.132952
75.981000 45.000000 0.000000 28.869966 0.870000 0.038811 2.156761
1.419000 45.000000 0.000000 29.240094 0.870000 0.038811 2.156761
30.000000 45.000000 0.000000 29.240094 0.870000 0.621275 2.156761
50.000000 5.000000 0.000000 29.240094 0.870000 0.621275 2.156761
57.319000 5.000000 38.863416 29.980350 0.870000 0.587430 2.156761
14.362000 5.000000 40.343927 29.980350 0.870000 0.584707 2.156761
43.000000 5.000000 44.415333 32.941372 0.870000 0.576764 2.156761
57.319000 5.000000 37.012777 37.012777 0.870000 0.572226 2.156761
